Time: 2023-11-20 11:21:18.438223 - IP Address: 127.0.0.1 - URL_Path: /admin/ - User: linkedmatrix@gmail.com 
Time: 2023-11-20 11:21:51.978532 - IP Address: 127.0.0.1 - URL_Path: /admin/ - User: linkedmatrix@gmail.com 
